0 130
0 8
0 138
0 11
0 14
0 16
0 22
0 24
0 27
0 29
0 36
0 37
0 38
0 39
0 57
0 62
0 65
0 67
0 69
0 71
0 75
0 76
0 77
0 78
0 79
0 81
0 85
0 88
0 89
0 91
0 94
0 99
0 109
0 113
0 115
0 121
0 126
1 121
1 71
1 108
1 78
1 14
1 15
1 113
1 48
1 115
1 89
1 93
1 57
2 32
2 71
2 8
2 40
2 72
2 138
2 15
2 80
2 115
2 116
2 117
2 125
3 35
3 6
3 71
3 8
3 41
3 103
3 136
3 127
3 78
3 15
3 81
3 50
3 123
3 92
3 95
4 8
4 9
4 44
4 16
4 86
4 59
5 8
5 131
5 118
5 87
6 137
6 138
6 11
6 14
6 16
6 31
6 37
6 38
6 57
6 67
6 69
6 71
6 78
6 91
6 98
6 108
6 109
6 112
6 123
7 109
7 126
8 131
8 133
8 134
8 137
8 138
8 13
8 14
8 15
8 16
8 19
8 22
8 24
8 25
8 26
8 28
8 32
8 33
8 34
8 37
8 38
8 40
8 53
8 57
8 59
8 60
8 63
8 67
8 69
8 71
8 72
8 75
8 76
8 77
8 78
8 79
8 80
8 81
8 85
8 89
8 91
8 92
8 94
8 98
8 99
8 110
8 112
8 115
8 116
8 117
8 119
8 120
8 121
9 132
9 39
9 71
9 16
9 21
9 118
9 86
9 59
9 126
10 20
11 98
11 67
11 99
11 37
11 130
11 71
11 133
11 69
11 43
11 75
11 138
11 108
11 123
11 63
12 123
12 75
13 121
13 99
13 71
13 91
13 138
13 108
13 77
13 78
13 14
13 112
13 115
13 89
13 27
13 63
14 134
14 24
14 27
14 32
14 39
14 42
14 48
14 49
14 67
14 71
14 77
14 79
14 89
14 91
14 99
14 121
15 17
15 21
15 23
15 33
15 37
15 40
15 41
15 67
15 71
15 72
15 80
15 91
15 101
15 116
15 117
15 119
16 132
16 138
16 37
16 38
16 40
16 42
16 44
16 49
16 57
16 59
16 63
16 67
16 69
16 70
16 71
16 75
16 76
16 77
16 78
16 81
16 85
16 89
16 91
16 95
16 96
16 98
16 99
16 113
16 115
16 120
16 121
16 123
17 64
17 99
17 71
17 73
17 75
17 78
17 112
17 81
17 115
17 24
17 57
17 60
17 30
17 63
18 104
18 88
18 52
19 119
20 23
21 36
21 103
21 91
21 138
21 108
21 112
21 113
21 114
21 81
21 85
21 59
22 126
22 36
22 38
22 71
22 109
22 78
22 79
22 54
22 57
22 58
22 91
22 94
23 68
23 38
23 71
23 78
23 51
23 85
23 58
23 91
24 134
24 138
24 27
24 38
24 39
24 49
24 63
24 71
24 77
24 78
24 81
24 89
24 91
24 94
24 99
24 108
24 121
25 67
25 36
25 131
25 38
25 71
25 78
25 81
25 57
25 58
25 94
26 64
26 98
26 67
26 99
26 37
26 38
26 130
26 71
26 43
26 75
26 78
26 112
26 81
26 115
26 57
26 63
27 134
27 138
27 39
27 48
27 49
27 57
27 71
27 78
27 81
27 89
27 91
27 94
27 99
27 109
27 115
27 121
28 137
28 33
28 37
28 57
28 63
28 67
28 69
28 71
28 75
28 78
28 81
28 91
28 98
28 99
28 112
28 114
28 115
28 120
29 122
29 94
29 119
30 130
30 67
30 99
30 37
30 69
30 71
30 137
30 75
30 112
30 119
30 120
30 63
31 98
31 99
31 37
31 71
31 138
31 75
31 78
31 81
31 114
31 115
31 119
32 71
32 40
32 72
32 138
32 80
32 83
32 116
32 117
32 119
33 121
33 99
33 131
33 71
33 105
33 78
33 112
33 115
33 57
33 91
33 126
34 98
34 131
34 36
34 38
34 71
34 113
34 81
34 85
34 57
34 58
34 94
35 71
35 136
35 41
35 50
35 83
35 85
35 57
35 127
35 95
36 38
36 71
36 78
36 111
36 112
36 81
36 94
36 85
36 53
36 58
36 62
37 128
37 130
37 133
37 137
37 138
37 38
37 57
37 63
37 67
37 69
37 70
37 71
37 73
37 75
37 78
37 81
37 91
37 98
37 99
37 112
37 114
37 115
37 120
37 121
38 131
38 41
38 53
38 55
38 57
38 58
38 63
38 67
38 69
38 71
38 75
38 77
38 78
38 79
38 85
38 88
38 89
38 90
38 91
38 94
38 98
38 99
38 106
38 112
38 113
38 115
38 119
38 121
38 126
39 121
39 99
39 131
39 71
39 91
39 108
39 77
39 78
39 113
39 115
39 89
39 94
39 63
40 71
40 72
40 138
40 80
40 115
40 116
40 117
40 55
41 99
41 71
41 138
41 78
41 113
41 81
41 115
41 85
41 53
41 57
41 91
41 95
42 121
42 67
42 99
42 71
42 77
42 109
42 113
42 48
42 89
42 91
42 57
43 134
45 90
46 78
46 71
47 124
48 96
48 97
48 69
48 134
48 108
48 121
49 89
49 121
49 99
49 71
49 138
49 77
49 78
49 113
49 81
49 57
50 95
50 71
52 67
52 68
53 131
53 71
53 111
53 81
53 57
53 124
55 64
55 130
55 67
55 99
55 71
55 137
55 75
55 78
55 79
55 112
55 81
55 115
55 63
56 129
57 131
57 133
57 137
57 138
57 62
57 63
57 67
57 69
57 70
57 71
57 75
57 77
57 78
57 79
57 81
57 83
57 85
57 89
57 91
57 92
57 95
57 96
57 98
57 99
57 106
57 112
57 113
57 114
57 115
57 118
57 119
57 120
57 121
57 123
58 129
58 131
58 106
58 79
58 81
58 126
58 62
59 132
59 81
59 86
60 99
60 71
60 137
60 75
60 78
60 112
60 115
60 63
61 91
61 124
61 111
62 112
62 81
62 115
62 85
62 91
63 130
63 133
63 137
63 138
63 64
63 67
63 69
63 70
63 71
63 73
63 75
63 77
63 78
63 81
63 89
63 91
63 98
63 99
63 108
63 112
63 113
63 115
63 120
63 121
64 98
64 67
64 99
64 69
64 130
64 71
64 137
64 78
64 120
65 98
65 138
65 78
65 85
65 94
66 112
66 81
66 98
67 130
67 137
67 138
67 69
67 70
67 71
67 75
67 77
67 78
67 81
67 85
67 89
67 91
67 92
67 95
67 98
67 99
67 108
67 111
67 112
67 113
67 114
67 115
67 120
67 121
67 123
69 133
69 138
69 70
69 71
69 73
69 75
69 78
69 81
69 85
69 91
69 98
69 99
69 108
69 112
69 114
69 115
69 119
69 121
70 98
70 99
70 71
70 137
70 75
70 76
70 78
70 112
70 115
70 91
71 72
71 73
71 75
71 76
71 77
71 78
71 79
71 80
71 81
71 83
71 85
71 89
71 91
71 92
71 95
71 96
71 98
71 99
71 100
71 103
71 106
71 107
71 108
71 109
71 110
71 112
71 113
71 114
71 115
71 116
71 117
71 119
71 120
71 121
71 123
71 124
71 126
71 127
71 128
71 130
71 131
71 133
71 134
71 136
71 137
71 138
72 138
72 80
72 116
72 117
73 130
73 99
73 137
73 112
73 114
73 115
73 119
74 85
75 130
75 138
75 76
75 77
75 78
75 81
75 89
75 91
75 95
75 98
75 99
75 110
75 112
75 113
75 115
75 119
75 120
75 121
75 123
76 99
76 112
76 81
76 115
77 131
77 138
77 78
77 79
77 81
77 85
77 89
77 91
77 94
77 95
77 98
77 99
77 109
77 112
77 113
77 115
77 121
77 126
78 131
78 133
78 134
78 137
78 138
78 79
78 81
78 85
78 88
78 89
78 91
78 92
78 94
78 95
78 98
78 99
78 106
78 109
78 112
78 113
78 114
78 115
78 120
78 121
78 126
79 138
79 113
79 81
79 94
79 85
79 91
79 126
80 138
80 116
80 117
81 131
81 133
81 136
81 138
81 89
81 91
81 94
81 96
81 98
81 99
81 111
81 112
81 113
81 115
81 119
81 121
81 126
82 113
82 102
83 121
83 96
83 98
83 128
83 100
83 138
83 107
84 107
85 129
85 138
85 88
85 89
85 91
85 95
85 98
85 99
85 106
85 112
85 113
85 115
85 121
85 122
85 124
86 131
86 132
88 119
88 94
89 134
89 138
89 91
89 95
89 98
89 99
89 109
89 112
89 113
89 115
89 121
91 134
91 137
91 138
91 98
91 99
91 105
91 106
91 109
91 112
91 113
91 115
91 120
91 121
91 126
92 113
93 115
94 131
94 106
94 109
94 126
95 99
95 136
95 138
95 103
95 115
96 121
96 99
96 113
96 122
98 130
98 133
98 137
98 138
98 99
98 112
98 113
98 114
98 115
98 118
98 120
98 121
98 123
99 130
99 133
99 134
99 137
99 138
99 108
99 109
99 112
99 113
99 114
99 115
99 120
99 121
99 123
100 128
100 107
101 125
105 112
107 115
108 134
108 138
108 109
108 110
108 115
108 121
109 121
110 133
110 120
111 124
112 130
112 131
112 133
112 137
112 138
112 113
112 114
112 115
112 119
112 120
112 121
113 131
113 138
113 115
113 121
114 133
114 138
114 115
114 120
115 130
115 133
115 134
115 137
115 138
115 119
115 120
115 121
115 123
115 127
116 138
116 117
119 130
119 132
119 127
121 134
121 138
122 131
123 133
125 138
130 131
130 138
131 138
133 138
134 138
135 138
